-4.402254237319999811e+04
-2.253834349159999692e+04
-1.534569301199999973e+04
-1.007039666589999979e+04
-6.905676187770000070e+03
-5.562270637999999963e+03
-4.603021909269999924e+03
-4.220008412099999987e+03
-3.933034120190000067e+03
-3.548877299149999999e+03
-2.972642067580000003e+03
-2.493589365150000049e+03
-2.110575867980000112e+03
-1.438301431159999993e+03
-6.711311129509999773e+02
-3.841568210419999900e+02
0.000000000000000000e+00
0.000000000000000000e+00
0.000000000000000000e+00
0.000000000000000000e+00
5.762352315619999672e+02
1.054144610119999925e+03
1.439444755029999897e+03
1.726419046940000044e+03
1.917354133589999947e+03
2.302654278510000040e+03
2.684524451800000406e+03
3.165863801980000062e+03
3.548877299149999999e+03
4.314904293479999978e+03
5.083217935570000009e+03
5.563413961870000094e+03
6.233401750949999951e+03
6.617558571990000019e+03
7.001715393030000087e+03
7.480768095460000040e+03
8.057003327020000143e+03
8.536056029449999187e+03
8.823030321360000016e+03
9.207187142400000084e+03
9.591343963449999137e+03
1.016643587110000044e+04
1.074152777879999849e+04
1.170077650759999960e+04
1.237247928239999965e+04
1.333115634920000048e+04
1.409832666750000135e+04
1.486606864760000099e+04
1.544116055530000085e+04
1.601682412489999842e+04
1.688003364839999995e+04
1.774324317190000147e+04
1.870249190059999819e+04
1.946966221880000012e+04
2.033230008029999954e+04
2.110004206049999993e+04
2.157966642479999791e+04
2.263438269690000016e+04
2.378570983620000334e+04
2.551155722120000064e+04
2.704646951949999857e+04
2.838873174540000036e+04
2.982760483849999946e+04
3.155402388550000251e+04
3.337648213770000439e+04
3.510290118459999212e+04
3.769195809310000186e+04
4.047366507400000410e+04
4.325480039299999771e+04
4.632405332780000754e+04
4.900972110350000003e+04
5.236594833020000078e+04
5.591539729119999538e+04
5.975124888230000943e+04
6.339559372480000457e+04
6.752013459349999903e+04
7.202768895949999569e+04
7.682278927929999190e+04
8.181053967150000972e+04
8.737281030949999695e+04
9.255206745030000457e+04
9.964982204860000638e+04
1.062668089590000018e+05
1.137481487160000106e+05
1.222836330839999864e+05
1.326421473650000116e+05
1.442474563299999863e+05
1.580576653809999989e+05
1.743626071220000158e+05
1.930645273609999858e+05
2.154119357659999805e+05
2.424578336230000132e+05
2.750665737809999846e+05
3.145815617879999918e+05
3.667560033689999836e+05
4.362895313020000467e+05
5.382411501360000111e+05
6.921748463100000517e+05
9.726127556420000037e+05
2.880817439950000029e+06
